87|26
31|18
31|47
16|39
16|74
16|34
57|62
57|87
57|24
57|59
29|57
29|69

16,85,59,31,39,34,24,19,48,74,56,32,86,42,18,38,47,87,26,53,82,94,89
77,98,13,12,17,58,33,69,71,75,11,57,28,68,43,16,59
75,12,52,13,83,17,58,26,54,11,53,94,71,29,77,82,69,22,73,98,89
75,57,62,28,68,43,85,39,34,24,19,48,56,86,18
48,32,87,82,12,74,18,54,89,86,56,42,17,29,38,13,94,26,77,52,47,92,53
34,19,33,31,24,75,37,69,81,48,22,43,85,57,16,28,56,62,11
13,12,17,83,22,33,11,62,28,68,43,31,39
15,33,43,37,62,48,39,69,59,24,31,57,73,68,34,16,81,11,85,19,28,22,75
85,33,48,31,32,34,43,62,56,75,69,68,28
32,28,69,43,85,33,81,16,68,59,48,57,75
18,38,87,26,94,89,29,92,77,98,13,17,58,83,73,22,33
58,73,11,57,62,37,16,59,31,39,24
57,33,37,98,71,62,11,13,28,16,92,54,68,69,17,15,73,77,12
82,32,83,18,92,98,53,26,17,86,38,47,94,58,42,56,12,89,54,29,77,87,13
83,69,85,62,75,37,34,71,31,39,15,11,73,59,22,33,58
57,62,28,68,43,16,59,31,34,24,19,48,74,56,42,18,47
56,43,82,86,53,85,48,39,38,19,16,37,24,26,31,59,47,18,74
77,98,12,58,83,73,22,33,69,71,75,11,57,62,28,68,43,37,16,85,59
74,24,11,32,37,81,86,48,16,62,28,85,19,69,31
89,56,81,32,47,94,86,77,18,26,82
85,33,28,24,15,39,68,48,75,34,19,16,59,57,31,11,81,74,37,62,69
83,73,69,75,62,28,43,37,16
83,26,53,11,71,13,17
56,48,18,89,94,38,39,32,47,24,87,59,74,19,34,31,85,53,82
37,16,31,81,34,19,74,56,42,18,47,82,94
71,89,11,92,13,73,83,77,26,53,69,33,15,29,98,12,17,54,22,52,82,58,75
12,17,58,83,73,15,22,33,69,71,57,62,28,68,43,37,16,85,31,39,81
47,42,32,54,77,18,19,92,26,89,52
28,37,16,85,59,24,32,86,42,18,26
33,75,11,57,68,43,16,31,34,19,48,56,32
68,43,59,39,81,24,19
74,82,24,47,42,13,26,77,89,54,56
89,38,19,34,98,92,87,32,56,74,94,48,26,53,18,54,47,86,42,29,24,77,82
57,56,81,75,11,32,24,39,31,42,68,37,19,43,28,16,48,85,34,86,59,71,62